1		0
2		1
3		2
4		3
5		5
6		7
7		10
8		11
9		12
10		14
11		16
12		20
13		21
14		23
15		25
16		29
17		30
18		32
19		34
20		38
21		41
22		43
23		47
24		49
25		50
26		52
27		56
28		58
29		61
30		65
31		67
32		70
33		74
34		76
35		83
36		85
37		89
38		92
39		94
40		98
41		100
42		101
43		102
44		104
45		106
46		110
47		111
48		113
49		115
50		119
51		120
52		122
53		124
54		128
55		131
56		133
57		137
58		139
59		140
60		142
61		146
62		148
63		151
64		155
65		157
66		160
67		164
68		166
69		173
70		175
71		179
72		182
73		184
74		188
75		191
76		193
77		197
78		199
79		200
80		201
81		203
82		205
83		209
84		210
85		212
86		214
87		218
88		221
89		223
90		227
91		229
92		230
93		232
94		236
95		238
96		241
97		245
98		247
99		250
100		254
101		256
102		263
103		265
104		269
105		272
106		274
107		278
108		281
109		283
110		287
111		289
112		290
113		292
114		296
115		298
116		300
117		302
118		304
119		308
120		311
121		313
122		317
123		319
124		320
125		322
126		326
127		328
128		331
129		335
130		337
131		340
132		344
133		346
134		353
135		355
136		359
137		362
138		364
139		368
140		371
141		373
142		377
143		379
144		380
145		382
146		386
147		388
148		391
149		395
150		397
151		401
152		403
153		407
154		409
155		410
156		412
157		416
158		418
159		421
160		425
161		427
162		430
163		434
164		436
165		443
166		445
167		449
168		452
169		454
170		458
171		461
172		463
173		467
174		469
175		470
176		472
177		476
178		478
179		481
180		485
181		487
182		490
183		494
184		496
185		500
186		502
187		506
188		508
189		511
190		515
191		517
192		520
193		524
194		526
195		533
196		535
197		539
198		542
199		544
200		548
201		551
202		553
203		557
204		559
205		560
206		562
207		566
208		568
209		571
210		575
211		577
212		580
213		584
214		586
215		593
216		595
217		599
218		601
219		605
220		607
221		610
222		614
223		616
224		623
225		625
226		629
227		632
228		634
229		638
230		641
231		643
232		647
233		649
234		650
235		652
236		656
237		658
238		661
239		665
240		667
241		670
242		674
243		676
244		683
245		685
246		689
247		692
248		694
249		698
250		700
251		704
252		706
253		713
254		715
255		719
256		722
257		724
258		728
259		731
260		733
261		737
262		739
263		740
264		742
265		746
266		748
267		751
268		755
269		757
270		760
271		764
272		766
273		773
274		775
275		779
276		782
277		784
278		788
279		791
280		793
281		797
282		803
283		805
284		809
285		812
286		814
287		818
288		821
289		823
290		827
291		829
292		830
293		832
294		836
295		838
296		841
297		845
298		847
299		850
300		854
301		856
302		863
303		865
304		869
305		872
306		874
307		878
308		881
309		883
310		887
311		890
312		892
313		896
314		902
315		904
316		908
317		911
318		913
319		917
320		919
321		920
322		922
323		926
324		928
325		931
326		935
327		937
328		940
329		944
330		946
331		953
332		955
333		959
334		962
335		964
336		968
337		971
338		973
339		977
340		980
341		982
342		986
343		991
344		995
345		1000
346		1001
347		1002
348		1004
349		1006
350		1010
351		1011
352		1013
353		1015
354		1019
355		1020
356		1022
357		1024
358		1028
359		1031
360		1033
361		1037
362		1039
363		1040
364		1042
365		1046
366		1048
367		1051
368		1055
369		1057
370		1060
371		1064
372		1066
373		1073
374		1075
375		1079
376		1082
377		1084
378		1088
379		1091
380		1093
381		1097
382		1099
383		1100
384		1101
385		1103
386		1105
387		1109
388		1110
389		1112
390		1114
391		1118
392		1121
393		1123
394		1127
395		1129
396		1130
397		1132
398		1136
399		1138
400		1141
401		1145
402		1147
403		1150
404		1154
405		1156
406		1163
407		1165
408		1169
409		1172
410		1174
411		1178
412		1181
413		1183
414		1187
415		1189
416		1190
417		1192
418		1196
419		1198
420		1200
421		1202
422		1204
423		1208
424		1211
425		1213
426		1217
427		1219
428		1220
429		1222
430		1226
431		1228
432		1231
433		1235
434		1237
435		1240
436		1244
437		1246
438		1253
439		1255
440		1259
441		1262
442		1264
443		1268
444		1271
445		1273
446		1277
447		1279
448		1280
449		1282
450		1286
451		1288
452		1291
453		1295
454		1297
455		1301
456		1303
457		1307
458		1309
459		1310
460		1312
461		1316
462		1318
463		1321
464		1325
465		1327
466		1330
467		1334
468		1336
469		1343
470		1345
471		1349
472		1352
473		1354
474		1358
475		1361
476		1363
477		1367
478		1369
479		1370
480		1372
481		1376
482		1378
483		1381
484		1385
485		1387
486		1390
487		1394
488		1396
489		1400
490		1402
491		1406
492		1408
493		1411
494		1415
495		1417
496		1420
497		1424
498		1426
499		1433
500		1435
501		1439
502		1442
503		1444
504		1448
505		1451
506		1453
507		1457
508		1459
509		1460
510		1462
511		1466
512		1468
513		1471
514		1475
515		1477
516		1480
517		1484
518		1486
519		1493
520		1495
521		1499
522		1501
523		1505
524		1507
525		1510
526		1514
527		1516
528		1523
529		1525
530		1529
531		1532
532		1534
533		1538
534		1541
535		1543
536		1547
537		1549
538		1550
539		1552
540		1556
541		1558
542		1561
543		1565
544		1567
545		1570
546		1574
547		1576
548		1583
549		1585
550		1589
551		1592
552		1594
553		1598
554		1600
555		1604
556		1606
557		1613
558		1615
559		1619
560		1622
561		1624
562		1628
563		1631
564		1633
565		1637
566		1639
567		1640
568		1642
569		1646
570		1648
571		1651
572		1655
573		1657
574		1660
575		1664
576		1666
577		1673
578		1675
579		1679
580		1682
581		1684
582		1688
583		1691
584		1693
585		1697
586		1703
587		1705
588		1709
589		1712
590		1714
591		1718
592		1721
593		1723
594		1727
595		1729
596		1730
597		1732
598		1736
599		1738
600		1741
601		1745
602		1747
603		1750
604		1754
605		1756
606		1763
607		1765
608		1769
609		1772
610		1774
611		1778
612		1781
613		1783
614		1787
615		1790
616		1792
617		1796
618		1802
619		1804
620		1808
621		1811
622		1813
623		1817
624		1819
625		1820
626		1822
627		1826
628		1828
629		1831
630		1835
631		1837
632		1840
633		1844
634		1846
635		1853
636		1855
637		1859
638		1862
639		1864
640		1868
641		1871
642		1873
643		1877
644		1880
645		1882
646		1886
647		1891
648		1895
649		1901
650		1903
651		1907
652		1909
653		1910
654		1912
655		1916
656		1918
657		1921
658		1925
659		1927
660		1930
661		1934
662		1936
663		1943
664		1945
665		1949
666		1952
667		1954
668		1958
669		1961
670		1963
671		1967
672		1970
673		1972
674		1976
675		1981
676		1985
677		1990
678		1994
679		2000
680		2001
681		2003
682		2005
683		2009
684		2010
685		2012
686		2014
687		2018
688		2021
689		2023
690		2027
691		2029
692		2030
693		2032
694		2036
695		2038
696		2041
697		2045
698		2047
699		2050
700		2054
701		2056
702		2063
703		2065
704		2069
705		2072
706		2074
707		2078
708		2081
709		2083
710		2087
711		2089
712		2090
713		2092
714		2096
715		2098
716		2100
717		2102
718		2104
719		2108
720		2111
721		2113
722		2117
723		2119
724		2120
725		2122
726		2126
727		2128
728		2131
729		2135
730		2137
731		2140
732		2144
733		2146
734		2153
735		2155
736		2159
737		2162
738		2164
739		2168
740		2171
741		2173
742		2177
743		2179
744		2180
745		2182
746		2186
747		2188
748		2191
749		2195
750		2197
751		2201
752		2203
753		2207
754		2209
755		2210
756		2212
757		2216
758		2218
759		2221
760		2225
761		2227
762		2230
763		2234
764		2236
765		2243
766		2245
767		2249
768		2252
769		2254
770		2258
771		2261
772		2263
773		2267
774		2269
775		2270
776		2272
777		2276
778		2278
779		2281
780		2285
781		2287
782		2290
783		2294
784		2296
785		2300
786		2302
787		2306
788		2308
789		2311
790		2315
791		2317
792		2320
793		2324
794		2326
795		2333
796		2335
797		2339
798		2342
799		2344
800		2348
801		2351
802		2353
803		2357
804		2359
805		2360
806		2362
807		2366
808		2368
809		2371
810		2375
811		2377
812		2380
813		2384
814		2386
815		2393
816		2395
817		2399
818		2401
819		2405
820		2407
821		2410
822		2414
823		2416
824		2423
825		2425
826		2429
827		2432
828		2434
829		2438
830		2441
831		2443
832		2447
833		2449
834		2450
835		2452
836		2456
837		2458
838		2461
839		2465
840		2467
841		2470
842		2474
843		2476
844		2483
845		2485
846		2489
847		2492
848		2494
849		2498
850		2500
851		2504
852		2506
853		2513
854		2515
855		2519
856		2522
857		2524
858		2528
859		2531
860		2533
861		2537
862		2539
863		2540
864		2542
865		2546
866		2548
867		2551
868		2555
869		2557
870		2560
871		2564
872		2566
873		2573
874		2575
875		2579
876		2582
877		2584
878		2588
879		2591
880		2593
881		2597
882		2603
883		2605
884		2609
885		2612
886		2614
887		2618
888		2621
889		2623
890		2627
891		2629
892		2630
893		2632
894		2636
895		2638
896		2641
897		2645
898		2647
899		2650
900		2654
901		2656
902		2663
903		2665
904		2669
905		2672
906		2674
907		2678
908		2681
909		2683
910		2687
911		2690
912		2692
913		2696
914		2702
915		2704
916		2708
917		2711
918		2713
919		2717
920		2719
921		2720
922		2722
923		2726
924		2728
925		2731
926		2735
927		2737
928		2740
929		2744
930		2746
931		2753
932		2755
933		2759
934		2762
935		2764
936		2768
937		2771
938		2773
939		2777
940		2780
941		2782
942		2786
943		2791
944		2795
945		2801
946		2803
947		2807
948		2809
949		2810
950		2812
951		2816
952		2818
953		2821
954		2825
955		2827
956		2830
957		2834
958		2836
959		2843
960		2845
961		2849
962		2852
963		2854
964		2858
965		2861
966		2863
967		2867
968		2870
969		2872
970		2876
971		2881
972		2885
973		2890
974		2894
975		2900
976		2902
977		2906
978		2908
979		2911
980		2915
981		2917
982		2920
983		2924
984		2926
985		2933
986		2935
987		2939
988		2942
989		2944
990		2948
991		2951
992		2953
993		2957
994		2960
995		2962
996		2966
997		2971
998		2975
999		2980
1000		2984
1001		2993
1002		2999
1003		3000
1004		3002
1005		3004
1006		3008
1007		3011
1008		3013
1009		3017
1010		3019
1011		3020
1012		3022
1013		3026
1014		3028
1015		3031
1016		3035
1017		3037
1018		3040
1019		3044
1020		3046
1021		3053
1022		3055
1023		3059
1024		3062
1025		3064
1026		3068
1027		3071
1028		3073
1029		3077
1030		3079
1031		3080
1032		3082
1033		3086
1034		3088
1035		3091
1036		3095
1037		3097
1038		3101
1039		3103
1040		3107
1041		3109
1042		3110
1043		3112
1044		3116
1045		3118
1046		3121
1047		3125
1048		3127
1049		3130
1050		3134
1051		3136
1052		3143
1053		3145
1054		3149
1055		3152
1056		3154
1057		3158
1058		3161
1059		3163
1060		3167
1061		3169
1062		3170
1063		3172
1064		3176
1065		3178
1066		3181
1067		3185
1068		3187
1069		3190
1070		3194
1071		3196
1072		3200
1073		3202
1074		3206
1075		3208
1076		3211
1077		3215
1078		3217
1079		3220
1080		3224
1081		3226
1082		3233
1083		3235
1084		3239
1085		3242
1086		3244
1087		3248
1088		3251
1089		3253
1090		3257
1091		3259
1092		3260
1093		3262
1094		3266
1095		3268
1096		3271
1097		3275
1098		3277
1099		3280
1100		3284
1101		3286
1102		3293
1103		3295
1104		3299
1105		3301
1106		3305
1107		3307
1108		3310
1109		3314
1110		3316
1111		3323
1112		3325
1113		3329
1114		3332
1115		3334
1116		3338
1117		3341
1118		3343
1119		3347
1120		3349
1121		3350
1122		3352
1123		3356
1124		3358
1125		3361
1126		3365
1127		3367
1128		3370
1129		3374
1130		3376
1131		3383
1132		3385
1133		3389
1134		3392
1135		3394
1136		3398
1137		3400
1138		3404
1139		3406
1140		3413
1141		3415
1142		3419
1143		3422
1144		3424
1145		3428
1146		3431
1147		3433
1148		3437
1149		3439
1150		3440
1151		3442
1152		3446
1153		3448
1154		3451
1155		3455
1156		3457
1157		3460
1158		3464
1159		3466
1160		3473
1161		3475
1162		3479
1163		3482
1164		3484
1165		3488
1166		3491
1167		3493
1168		3497
1169		3503
1170		3505
1171		3509
1172		3512
1173		3514
1174		3518
1175		3521
1176		3523
1177		3527
1178		3529
1179		3530
1180		3532
1181		3536
1182		3538
1183		3541
1184		3545
1185		3547
1186		3550
1187		3554
1188		3556
1189		3563
1190		3565
1191		3569
1192		3572
1193		3574
1194		3578
1195		3581
1196		3583
1197		3587
1198		3590
1199		3592
1200		3596
1201		3602
1202		3604
1203		3608
1204		3611
1205		3613
1206		3617
1207		3619
1208		3620
1209		3622
1210		3626
1211		3628
1212		3631
1213		3635
1214		3637
1215		3640
1216		3644
1217		3646
1218		3653
1219		3655
1220		3659
1221		3662
1222		3664
1223		3668
1224		3671
1225		3673
1226		3677
1227		3680
1228		3682
1229		3686
1230		3691
1231		3695
1232		3701
1233		3703
1234		3707
1235		3709
1236		3710
1237		3712
1238		3716
1239		3718
1240		3721
1241		3725
1242		3727
1243		3730
1244		3734
1245		3736
1246		3743
1247		3745
1248		3749
1249		3752
1250		3754
1251		3758
1252		3761
1253		3763
1254		3767
1255		3770
1256		3772
1257		3776
1258		3781
1259		3785
1260		3790
1261		3794
1262		3800
1263		3802
1264		3806
1265		3808
1266		3811
1267		3815
1268		3817
1269		3820
1270		3824
1271		3826
1272		3833
1273		3835
1274		3839
1275		3842
1276		3844
1277		3848
1278		3851
1279		3853
1280		3857
1281		3860
1282		3862
1283		3866
1284		3871
1285		3875
1286		3880
1287		3884
1288		3893
1289		3899
1290		3901
1291		3905
1292		3907
1293		3910
1294		3914
1295		3916
1296		3923
1297		3925
1298		3929
1299		3932
1300		3934
1301		3938
1302		3941
1303		3943
1304		3947
1305		3950
1306		3952
1307		3956
1308		3961
1309		3965
1310		3970
1311		3974
1312		3983
1313		3989
1314		3992
1315		3998
1316		4001
1317		4003
1318		4007
1319		4009
1320		4010
1321		4012
1322		4016
1323		4018
1324		4021
1325		4025
1326		4027
1327		4030
1328		4034
1329		4036
1330		4043
1331		4045
1332		4049
1333		4052
1334		4054
1335		4058
1336		4061
1337		4063
1338		4067
1339		4069
1340		4070
1341		4072
1342		4076
1343		4078
1344		4081
1345		4085
1346		4087
1347		4090
1348		4094
1349		4096
1350		4100
1351		4102
1352		4106
1353		4108
1354		4111
1355		4115
1356		4117
1357		4120
1358		4124
1359		4126
1360		4133
1361		4135
1362		4139
1363		4142
1364		4144
1365		4148
1366		4151
1367		4153
1368		4157
1369		4159
1370		4160
1371		4162
1372		4166
1373		4168
1374		4171
1375		4175
1376		4177
1377		4180
1378		4184
1379		4186
1380		4193
1381		4195
1382		4199
1383		4201
1384		4205
1385		4207
1386		4210
1387		4214
1388		4216
1389		4223
1390		4225
1391		4229
1392		4232
1393		4234
1394		4238
1395		4241
1396		4243
1397		4247
1398		4249
1399		4250
1400		4252
1401		4256
1402		4258
1403		4261
1404		4265
1405		4267
1406		4270
1407		4274
1408		4276
1409		4283
1410		4285
1411		4289
1412		4292
1413		4294
1414		4298
1415		4300
1416		4304
1417		4306
1418		4313
1419		4315
1420		4319
1421		4322
1422		4324
1423		4328
1424		4331
1425		4333
1426		4337
1427		4339
1428		4340
1429		4342
1430		4346
1431		4348
1432		4351
1433		4355
1434		4357
1435		4360
1436		4364
1437		4366
1438		4373
1439		4375
1440		4379
1441		4382
1442		4384
1443		4388
1444		4391
1445		4393
1446		4397
1447		4403
1448		4405
1449		4409
1450		4412
1451		4414
1452		4418
1453		4421
1454		4423
1455		4427
1456		4429
1457		4430
1458		4432
1459		4436
1460		4438
1461		4441
1462		4445
1463		4447
1464		4450
1465		4454
1466		4456
1467		4463
1468		4465
1469		4469
1470		4472
1471		4474
1472		4478
1473		4481
1474		4483
1475		4487
1476		4490
1477		4492
1478		4496
1479		4502
1480		4504
1481		4508
1482		4511
1483		4513
1484		4517
1485		4519
1486		4520
1487		4522
1488		4526
1489		4528
1490		4531
1491		4535
1492		4537
1493		4540
1494		4544
1495		4546
1496		4553
1497		4555
1498		4559
1499		4562
1500		4564
1501		4568
1502		4571
1503		4573
1504		4577
1505		4580
1506		4582
1507		4586
1508		4591
1509		4595
1510		4601
1511		4603
1512		4607
1513		4609
1514		4610
1515		4612
1516		4616
1517		4618
1518		4621
1519		4625
1520		4627
1521		4630
1522		4634
1523		4636
1524		4643
1525		4645
1526		4649
1527		4652
1528		4654
1529		4658
1530		4661
1531		4663
1532		4667
1533		4670
1534		4672
1535		4676
1536		4681
1537		4685
1538		4690
1539		4694
1540		4700
1541		4702
1542		4706
1543		4708
1544		4711
1545		4715
1546		4717
1547		4720
1548		4724
1549		4726
1550		4733
1551		4735
1552		4739
1553		4742
1554		4744
1555		4748
1556		4751
1557		4753
1558		4757
1559		4760
1560		4762
1561		4766
1562		4771
1563		4775
1564		4780
1565		4784
1566		4793
1567		4799
1568		4801
1569		4805
1570		4807
1571		4810
1572		4814
1573		4816
1574		4823
1575		4825
1576		4829
1577		4832
1578		4834
1579		4838
1580		4841
1581		4843
1582		4847
1583		4850
1584		4852
1585		4856
1586		4861
1587		4865
1588		4870
1589		4874
1590		4883
1591		4889
1592		4892
1593		4898
1594		4900
1595		4904
1596		4906
1597		4913
1598		4915
1599		4919
1600		4922
1601		4924
1602		4928
1603		4931
1604		4933
1605		4937
1606		4940
1607		4942
1608		4946
1609		4951
1610		4955
1611		4960
1612		4964
1613		4973
1614		4979
1615		4982
1616		4988
1617		4991
1618		4997
1619		4999
1620		5000
1621		5002
1622		5006
1623		5008
1624		5011
1625		5015
1626		5017
1627		5020
1628		5024
1629		5026
1630		5033
1631		5035
1632		5039
1633		5042
1634		5044
1635		5048
1636		5051
1637		5053
1638		5057
1639		5059
1640		5060
1641		5062
1642		5066
1643		5068
1644		5071
1645		5075
1646		5077
1647		5080
1648		5084
1649		5086
1650		5093
1651		5095
1652		5099
1653		5101
1654		5105
1655		5107
1656		5110
1657		5114
1658		5116
1659		5123
1660		5125
1661		5129
1662		5132
1663		5134
1664		5138
1665		5141
1666		5143
1667		5147
1668		5149
1669		5150
1670		5152
1671		5156
1672		5158
1673		5161
1674		5165
1675		5167
1676		5170
1677		5174
1678		5176
1679		5183
1680		5185
1681		5189
1682		5192
1683		5194
1684		5198
1685		5200
1686		5204
1687		5206
1688		5213
1689		5215
1690		5219
1691		5222
1692		5224
1693		5228
1694		5231
1695		5233
1696		5237
1697		5239
1698		5240
1699		5242
1700		5246
1701		5248
1702		5251
1703		5255
1704		5257
1705		5260
1706		5264
1707		5266
1708		5273
1709		5275
1710		5279
1711		5282
1712		5284
1713		5288
1714		5291
1715		5293
1716		5297
1717		5303
1718		5305
1719		5309
1720		5312
1721		5314
1722		5318
1723		5321
1724		5323
1725		5327
1726		5329
1727		5330
1728		5332
1729		5336
1730		5338
1731		5341
1732		5345
1733		5347
1734		5350
1735		5354
1736		5356
1737		5363
1738		5365
1739		5369
1740		5372
1741		5374
1742		5378
1743		5381
1744		5383
1745		5387
1746		5390
1747		5392
1748		5396
1749		5402
1750		5404
1751		5408
1752		5411
1753		5413
1754		5417
1755		5419
1756		5420
1757		5422
1758		5426
1759		5428
1760		5431
1761		5435
1762		5437
1763		5440
1764		5444
1765		5446
1766		5453
1767		5455
1768		5459
1769		5462
1770		5464
1771		5468
1772		5471
1773		5473
1774		5477
1775		5480
1776		5482
1777		5486
1778		5491
1779		5495
1780		5501
1781		5503
1782		5507
1783		5509
1784		5510
1785		5512
1786		5516
1787		5518
1788		5521
1789		5525
1790		5527
1791		5530
1792		5534
1793		5536
1794		5543
1795		5545
1796		5549
1797		5552
1798		5554
1799		5558
1800		5561
1801		5563
1802		5567
1803		5570
1804		5572
1805		5576
1806		5581
1807		5585
1808		5590
1809		5594
1810		5600
1811		5602
1812		5606
1813		5608
1814		5611
1815		5615
1816		5617
1817		5620
1818		5624
1819		5626
1820		5633
1821		5635
1822		5639
1823		5642
1824		5644
1825		5648
1826		5651
1827		5653
1828		5657
1829		5660
1830		5662
1831		5666
1832		5671
1833		5675
1834		5680
1835		5684
1836		5693
1837		5699
1838		5701
1839		5705
1840		5707
1841		5710
1842		5714
1843		5716
1844		5723
1845		5725
1846		5729
1847		5732
1848		5734
1849		5738
1850		5741
1851		5743
1852		5747
1853		5750
1854		5752
1855		5756
1856		5761
1857		5765
1858		5770
1859		5774
1860		5783
1861		5789
1862		5792
1863		5798
1864		5800
1865		5804
1866		5806
1867		5813
1868		5815
1869		5819
1870		5822
1871		5824
1872		5828
1873		5831
1874		5833
1875		5837
1876		5840
1877		5842
1878		5846
1879		5851
1880		5855
1881		5860
1882		5864
1883		5873
1884		5879
1885		5882
1886		5888
1887		5891
1888		5897
1889		5899
1890		5903
1891		5905
1892		5909
1893		5912
1894		5914
1895		5918
1896		5921
1897		5923
1898		5927
1899		5930
1900		5932
1901		5936
1902		5941
1903		5945
1904		5950
1905		5954
1906		5963
1907		5969
1908		5972
1909		5978
1910		5981
1911		5987
1912		5989
1913		5990
1914		5996
1915		5998
1916		6001
1917		6005
1918		6007
1919		6010
1920		6014
1921		6016
1922		6023
1923		6025
1924		6029
1925		6032
1926		6034
1927		6038
1928		6041
1929		6043
1930		6047
1931		6049
1932		6050
1933		6052
1934		6056
1935		6058
1936		6061
1937		6065
1938		6067
1939		6070
1940		6074
1941		6076
1942		6083
1943		6085
1944		6089
1945		6092
1946		6094
1947		6098
1948		6100
1949		6104
1950		6106
1951		6113
1952		6115
1953		6119
1954		6122
1955		6124
1956		6128
1957		6131
1958		6133
1959		6137
1960		6139
1961		6140
1962		6142
1963		6146
1964		6148
1965		6151
1966		6155
1967		6157
1968		6160
1969		6164
1970		6166
1971		6173
1972		6175
1973		6179
1974		6182
1975		6184
1976		6188
1977		6191
1978		6193
1979		6197
1980		6203
1981		6205
1982		6209
1983		6212
1984		6214
1985		6218
1986		6221
1987		6223
1988		6227
1989		6229
1990		6230
1991		6232
1992		6236
1993		6238
1994		6241
1995		6245
1996		6247
1997		6250
1998		6254
1999		6256
2000		6263
2001		6265
2002		6269
2003		6272
2004		6274
2005		6278
2006		6281
2007		6283
2008		6287
2009		6290
2010		6292
2011		6296
2012		6302
2013		6304
2014		6308
2015		6311
2016		6313
2017		6317
2018		6319
2019		6320
2020		6322
2021		6326
2022		6328
2023		6331
2024		6335
2025		6337
2026		6340
2027		6344
2028		6346
2029		6353
2030		6355
2031		6359
2032		6362
2033		6364
2034		6368
2035		6371
2036		6373
2037		6377
2038		6380
2039		6382
2040		6386
2041		6391
2042		6395
2043		6401
2044		6403
2045		6407
2046		6409
2047		6410
2048		6412
2049		6416
2050		6418
2051		6421
2052		6425
2053		6427
2054		6430
2055		6434
2056		6436
2057		6443
2058		6445
2059		6449
2060		6452
2061		6454
2062		6458
2063		6461
2064		6463
2065		6467
2066		6470
2067		6472
2068		6476
2069		6481
2070		6485
2071		6490
2072		6494
2073		6500
2074		6502
2075		6506
2076		6508
2077		6511
2078		6515
2079		6517
2080		6520
2081		6524
2082		6526
2083		6533
2084		6535
2085		6539
2086		6542
2087		6544
2088		6548
2089		6551
2090		6553
2091		6557
2092		6560
2093		6562
2094		6566
2095		6571
2096		6575
2097		6580
2098		6584
2099		6593
2100		6599
2101		6601
2102		6605
2103		6607
2104		6610
2105		6614
2106		6616
2107		6623
2108		6625
2109		6629
2110		6632
2111		6634
2112		6638
2113		6641
2114		6643
2115		6647
2116		6650
2117		6652
2118		6656
2119		6661
2120		6665
2121		6670
2122		6674
2123		6683
2124		6689
2125		6692
2126		6698
2127		6700
2128		6704
2129		6706
2130		6713
2131		6715
2132		6719
2133		6722
2134		6724
2135		6728
2136		6731
2137		6733
2138		6737
2139		6740
2140		6742
2141		6746
2142		6751
2143		6755
2144		6760
2145		6764
2146		6773
2147		6779
2148		6782
2149		6788
2150		6791
2151		6797
2152		6799
2153		6803
2154		6805
2155		6809
2156		6812
2157		6814
2158		6818
2159		6821
2160		6823
2161		6827
2162		6830
2163		6832
2164		6836
2165		6841
2166		6845
2167		6850
2168		6854
2169		6863
2170		6869
2171		6872
2172		6878
2173		6881
2174		6887
2175		6889
2176		6890
2177		6896
2178		6898
2179		6902
2180		6904
2181		6908
2182		6911
2183		6913
2184		6917
2185		6920
2186		6922
2187		6926
2188		6931
2189		6935
2190		6940
2191		6944
2192		6953
2193		6959
2194		6962
2195		6968
2196		6971
2197		6977
2198		6979
2199		6980
2200		6986
2201		6988
2202		6995
2203		6997
2204		7000
2205		7004
2206		7006
2207		7013
2208		7015
2209		7019
2210		7022
2211		7024
2212		7028
2213		7031
2214		7033
2215		7037
2216		7039
2217		7040
2218		7042
2219		7046
2220		7048
2221		7051
2222		7055
2223		7057
2224		7060
2225		7064
2226		7066
2227		7073
2228		7075
2229		7079
2230		7082
2231		7084
2232		7088
2233		7091
2234		7093
2235		7097
2236		7103
2237		7105
2238		7109
2239		7112
2240		7114
2241		7118
2242		7121
2243		7123
2244		7127
2245		7129
2246		7130
2247		7132
2248		7136
2249		7138
2250		7141
2251		7145
2252		7147
2253		7150
2254		7154
2255		7156
2256		7163
2257		7165
2258		7169
2259		7172
2260		7174
2261		7178
2262		7181
2263		7183
2264		7187
2265		7190
2266		7192
2267		7196
2268		7202
2269		7204
2270		7208
2271		7211
2272		7213
2273		7217
2274		7219
2275		7220
2276		7222
2277		7226
2278		7228
2279		7231
2280		7235
2281		7237
2282		7240
2283		7244
2284		7246
2285		7253
2286		7255
2287		7259
2288		7262
2289		7264
2290		7268
2291		7271
2292		7273
2293		7277
2294		7280
2295		7282
2296		7286
2297		7291
2298		7295
2299		7301
2300		7303
2301		7307
2302		7309
2303		7310
2304		7312
2305		7316
2306		7318
2307		7321
2308		7325
2309		7327
2310		7330
2311		7334
2312		7336
2313		7343
2314		7345
2315		7349
2316		7352
2317		7354
2318		7358
2319		7361
2320		7363
2321		7367
2322		7370
2323		7372
2324		7376
2325		7381
2326		7385
2327		7390
2328		7394
2329		7400
2330		7402
2331		7406
2332		7408
2333		7411
2334		7415
2335		7417
2336		7420
2337		7424
2338		7426
2339		7433
2340		7435
2341		7439
2342		7442
2343		7444
2344		7448
2345		7451
2346		7453
2347		7457
2348		7460
2349		7462
2350		7466
2351		7471
2352		7475
2353		7480
2354		7484
2355		7493
2356		7499
2357		7501
2358		7505
2359		7507
2360		7510
2361		7514
2362		7516
2363		7523
2364		7525
2365		7529
2366		7532
2367		7534
2368		7538
2369		7541
2370		7543
2371		7547
2372		7550
2373		7552
2374		7556
2375		7561
2376		7565
2377		7570
2378		7574
2379		7583
2380		7589
2381		7592
2382		7598
2383		7600
2384		7604
2385		7606
2386		7613
2387		7615
2388		7619
2389		7622
2390		7624
2391		7628
2392		7631
2393		7633
2394		7637
2395		7640
2396		7642
2397		7646
2398		7651
2399		7655
2400		7660
2401		7664
2402		7673
2403		7679
2404		7682
2405		7688
2406		7691
2407		7697
2408		7699
2409		7703
2410		7705
2411		7709
2412		7712
2413		7714
2414		7718
2415		7721
2416		7723
2417		7727
2418		7730
2419		7732
2420		7736
2421		7741
2422		7745
2423		7750
2424		7754
2425		7763
2426		7769
2427		7772
2428		7778
2429		7781
2430		7787
2431		7789
2432		7790
2433		7796
2434		7798
2435		7802
2436		7804
2437		7808
2438		7811
2439		7813
2440		7817
2441		7820
2442		7822
2443		7826
2444		7831
2445		7835
2446		7840
2447		7844
2448		7853
2449		7859
2450		7862
2451		7868
2452		7871
2453		7877
2454		7879
2455		7880
2456		7886
2457		7888
2458		7895
2459		7897
2460		7901
2461		7903
2462		7907
2463		7910
2464		7912
2465		7916
2466		7921
2467		7925
2468		7930
2469		7934
2470		7943
2471		7949
2472		7952
2473		7958
2474		7961
2475		7967
2476		7969
2477		7970
2478		7976
2479		7978
2480		7985
2481		7987
2482		7994
2483		7996
2484		8003
2485		8005
2486		8009
2487		8012
2488		8014
2489		8018
2490		8021
2491		8023
2492		8027
2493		8029
2494		8030
2495		8032
2496		8036
2497		8038
2498		8041
2499		8045
2500		8047
2501		8050
2502		8054
2503		8056
2504		8063
2505		8065
2506		8069
2507		8072
2508		8074
2509		8078
2510		8081
2511		8083
2512		8087
2513		8090
2514		8092
2515		8096
2516		8102
2517		8104
2518		8108
2519		8111
2520		8113
2521		8117
2522		8119
2523		8120
2524		8122
2525		8126
2526		8128
2527		8131
2528		8135
2529		8137
2530		8140
2531		8144
2532		8146
2533		8153
2534		8155
2535		8159
2536		8162
2537		8164
2538		8168
2539		8171
2540		8173
2541		8177
2542		8180
2543		8182
2544		8186
2545		8191
2546		8195
2547		8201
2548		8203
2549		8207
2550		8209
2551		8210
2552		8212
2553		8216
2554		8218
2555		8221
2556		8225
2557		8227
2558		8230
2559		8234
2560		8236
2561		8243
2562		8245
2563		8249
2564		8252
2565		8254
2566		8258
2567		8261
2568		8263
2569		8267
2570		8270
2571		8272
2572		8276
2573		8281
2574		8285
2575		8290
2576		8294
2577		8300
2578		8302
2579		8306
2580		8308
2581		8311
2582		8315
2583		8317
2584		8320
2585		8324
2586		8326
2587		8333
2588		8335
2589		8339
2590		8342
2591		8344
2592		8348
2593		8351
2594		8353
2595		8357
2596		8360
2597		8362
2598		8366
2599		8371
2600		8375
2601		8380
2602		8384
2603		8393
2604		8399
2605		8401
2606		8405
2607		8407
2608		8410
2609		8414
2610		8416
2611		8423
2612		8425
2613		8429
2614		8432
2615		8434
2616		8438
2617		8441
2618		8443
2619		8447
2620		8450
2621		8452
2622		8456
2623		8461
2624		8465
2625		8470
2626		8474
2627		8483
2628		8489
2629		8492
2630		8498
2631		8500
2632		8504
2633		8506
2634		8513
2635		8515
2636		8519
2637		8522
2638		8524
2639		8528
2640		8531
2641		8533
2642		8537
2643		8540
2644		8542
2645		8546
2646		8551
2647		8555
2648		8560
2649		8564
2650		8573
2651		8579
2652		8582
2653		8588
2654		8591
2655		8597
2656		8599
2657		8603
2658		8605
2659		8609
2660		8612
2661		8614
2662		8618
2663		8621
2664		8623
2665		8627
2666		8630
2667		8632
2668		8636
2669		8641
2670		8645
2671		8650
2672		8654
2673		8663
2674		8669
2675		8672
2676		8678
2677		8681
2678		8687
2679		8689
2680		8690
2681		8696
2682		8698
2683		8702
2684		8704
2685		8708
2686		8711
2687		8713
2688		8717
2689		8720
2690		8722
2691		8726
2692		8731
2693		8735
2694		8740
2695		8744
2696		8753
2697		8759
2698		8762
2699		8768
2700		8771
2701		8777
2702		8779
2703		8780
2704		8786
2705		8788
2706		8795
2707		8797
2708		8801
2709		8803
2710		8807
2711		8810
2712		8812
2713		8816
2714		8821
2715		8825
2716		8830
2717		8834
2718		8843
2719		8849
2720		8852
2721		8858
2722		8861
2723		8867
2724		8869
2725		8870
2726		8876
2727		8878
2728		8885
2729		8887
2730		8894
2731		8896
2732		8900
2733		8902
2734		8906
2735		8911
2736		8915
2737		8920
2738		8924
2739		8933
2740		8939
2741		8942
2742		8948
2743		8951
2744		8957
2745		8959
2746		8960
2747		8966
2748		8968
2749		8975
2750		8977
2751		8984
2752		8986
2753		8993
2754		8995
2755		9002
2756		9004
2757		9008
2758		9011
2759		9013
2760		9017
2761		9019
2762		9020
2763		9022
2764		9026
2765		9028
2766		9031
2767		9035
2768		9037
2769		9040
2770		9044
2771		9046
2772		9053
2773		9055
2774		9059
2775		9062
2776		9064
2777		9068
2778		9071
2779		9073
2780		9077
2781		9080
2782		9082
2783		9086
2784		9091
2785		9095
2786		9101
2787		9103
2788		9107
2789		9109
2790		9110
2791		9112
2792		9116
2793		9118
2794		9121
2795		9125
2796		9127
2797		9130
2798		9134
2799		9136
2800		9143
2801		9145
2802		9149
2803		9152
2804		9154
2805		9158
2806		9161
2807		9163
2808		9167
2809		9170
2810		9172
2811		9176
2812		9181
2813		9185
2814		9190
2815		9194
2816		9200
2817		9202
2818		9206
2819		9208
2820		9211
2821		9215
2822		9217
2823		9220
2824		9224
2825		9226
2826		9233
2827		9235
2828		9239
2829		9242
2830		9244
2831		9248
2832		9251
2833		9253
2834		9257
2835		9260
2836		9262
2837		9266
2838		9271
2839		9275
2840		9280
2841		9284
2842		9293
2843		9299
2844		9301
2845		9305
2846		9307
2847		9310
2848		9314
2849		9316
2850		9323
2851		9325
2852		9329
2853		9332
2854		9334
2855		9338
2856		9341
2857		9343
2858		9347
2859		9350
2860		9352
2861		9356
2862		9361
2863		9365
2864		9370
2865		9374
2866		9383
2867		9389
2868		9392
2869		9398
2870		9400
2871		9404
2872		9406
2873		9413
2874		9415
2875		9419
2876		9422
2877		9424
2878		9428
2879		9431
2880		9433
2881		9437
2882		9440
2883		9442
2884		9446
2885		9451
2886		9455
2887		9460
2888		9464
2889		9473
2890		9479
2891		9482
2892		9488
2893		9491
2894		9497
2895		9499
2896		9503
2897		9505
2898		9509
2899		9512
2900		9514
2901		9518
2902		9521
2903		9523
2904		9527
2905		9530
2906		9532
2907		9536
2908		9541
2909		9545
2910		9550
2911		9554
2912		9563
2913		9569
2914		9572
2915		9578
2916		9581
2917		9587
2918		9589
2919		9590
2920		9596
2921		9598
2922		9602
2923		9604
2924		9608
2925		9611
2926		9613
2927		9617
2928		9620
2929		9622
2930		9626
2931		9631
2932		9635
2933		9640
2934		9644
2935		9653
2936		9659
2937		9662
2938		9668
2939		9671
2940		9677
2941		9679
2942		9680
2943		9686
2944		9688
2945		9695
2946		9697
2947		9701
2948		9703
2949		9707
2950		9710
2951		9712
2952		9716
2953		9721
2954		9725
2955		9730
2956		9734
2957		9743
2958		9749
2959		9752
2960		9758
2961		9761
2962		9767
2963		9769
2964		9770
2965		9776
2966		9778
2967		9785
2968		9787
2969		9794
2970		9796
2971		9800
2972		9802
2973		9806
2974		9811
2975		9815
2976		9820
2977		9824
2978		9833
2979		9839
2980		9842
2981		9848
2982		9851
2983		9857
2984		9859
2985		9860
2986		9866
2987		9868
2988		9875
2989		9877
2990		9884
2991		9886
2992		9893
2993		9895
2994		9901
2995		9905
2996		9910
2997		9914
2998		9923
2999		9929
3000		9932
3001		9938
3002		9941
3003		9947
3004		9949
3005		9950
3006		9956
3007		9958
3008		9965
3009		9967
3010		9974
3011		9976
3012		9983
3013		9985
3014		9992
3015		9994
3016		10000
